11 158
4 119
133 4
158 177
184 86
91 7
83 3
28 67
162 67
34 147
154 63
155 28
100 92
146 59
5 83
159 178
17 94
58 95
170 7
61 100
113 147
73 74
6 84
106 22
159 34
164 112
83 124
108 68
154 184
106 107
85 84
158 154
38 9
78 45
98 23
83 160
170 128
35 83
95 134
96 99
47 57
107 108
113 39
154 40
99 104
181 57
133 17
93 173
64 146
79 46
170 164
117 158
82 51
68 116
41 19
113 124
52 28
133 102
97 179
184 184
158 46
178 24
10 31
115 84
135 62
168 59
74 52
177 144
83 137
129 24
12 113
158 167
173 30
17 48
28 57
162 57
154 53
6 38
52 5
164 66
68 129
121 141
108 22
141 119
147 13
159 24
2 40
102 127
162 178
169 37
114 101
146 170
106 97
158 144
159 109
63 172
35 73
95 124
162 34
147 134
181 47
93 163
134 52
44 158
56 132
131 46
163 115
108 179
83 6
29 35
115 38
67 147
26 109
86 160
179 59
50 94
10 21
137 62
110 108
28 155
142 177
108 35
8 97
127 48
59 179
146 147
39 84
11 102
91 131
63 149
178 99
83 127
3 18
16 37
135 137
114 114
127 133
154 7
158 157
5 27
64 113
124 164
82 18
9 34
28 47
68 83
108 156
134 65
147 147
120 130
140 108
146 39
67 124
97 146
57 110
58 75
24 162
115 51
161 167
134 150
154 128
73 54
79 134
180 37
111 166
22 8
40 142
154 164
161 23
66 51
126 65
159 99
64 90
170 108
101 8
28 24
162 24
34 104
119 62
6 5
38 74
51 156
58 52
61 57
26 99
127 2
86 150
39 38
85 5
30 69
91 85
134 163
94 90
54 54
40 119
66 28
180 50
166 115
12 57
23 66
83 117
95 91
135 127
52 129
10 132
38 51
137 173
108 146
68 73
115 5
120 120
141 63
86 127
59 110
51 169
158 3
24 152
91 62
169 161
176 57
108 2
153 153
59 146
92 143
39 51
111 156
91 98
83 94
28 158
75 90
95 68
34 58
52 106
179 147
13 35
64 80
16 40
156 163
116 127
121 62
51 146
97 113
104 9
69 51
81 25
67 127
162 99
154 95
99 159
18 85
173 108
54 8
39 28
11 46
17 126
164 59
36 139
83 71
75 67
154 131
146 127
66 18
106 54
52 83
12 47
152 170
44 79
124 108
8 162
5 7
10 122
131 3
14 92
168 150
23 177
97 126
83 48
101 96
134 130
8 54
154 108
160 2
5 128
106 31
17 139
83 84
95 58
169 7
135 94
127 90
141 174
106 67
147 68
6 129
93 97
18 183
42 168
108 113
168 127
20 149
106 152
11 180
4 141
184 108
170 173
90 64
164 13
59 113
133 62
119 127
31 14
63 83
163 170
115 93
95 35
160 15
106 44
158 91
64 47
61 158
108 90
127 103
168 104
66 93
11 157
141 7
51 113
97 80
156 166
83 182
75 178
149 127
47 79
8 8
181 79
12 158
79 68
64 168
144 48
91 42
83 38
129 154
40 76
99 162
100 127
106 21
6 83
44 46
23 23
9 125
75 70
108 67
27 142
141 164
147 58
74 74
34 38
133 160
18 173
85 83
164 147
63 181
163 39
103 137
128 81
95 133
107 107
141 20
23 144
64 145
144 25
170 163
130 127
84 160
28 79
34 159
147 179
154 75
119 117
92 100
131 91
124 52
7 141
127 57
147 35
133 137
39 93
158 81
164 124
7 177
68 7
40 174
34 51
160 90
174 174
166 170
126 97
102 5
113 51
154 52
119 94
17 83
156 12
83 28
75 24
122 19
95 2
154 88
5 108
6 73
25 23
57 155
56 10
156 97
108 57
73 99
74 64
79 179
86 38
23 98
97 47
83 149
103 127
55 50
60 165
113 28
59 57
24 99
63 27
35 108
2 160
83 5
142 91
154 65
99 129
5 85
152 104
177 48
84 6
133 127
39 83
85 50
10 56
83 126
94 135
113 5
85 86
158 156
138 98
83 162
84 127
170 130
130 94
135 172
96 101
127 168
7 23
1 92
147 146
154 42
100 71
64 148
71 44
170 166
177 25
117 160
83 18
61 79
80 92
81 57
7 108
33 17
18 117
172 175
179 71
106 1
178 26
170 22
42 102
116 51
61 115
108 47
127 60
147 38
60 119
79 169
12 79
31 92
184 42
135 149
154 19
64 125
17 50
116 172
28 59
68 95
134 77
154 55
146 51
141 85
92 80
184 163
90 119
164 68
10 10
42 79
108 24
141 121
59 168
20 60
86 5
91 120
156 100
43 43
35 39
95 90
154 176
67 28
153 31
86 41
79 2
87 122
127 158
134 54
34 116
99 96
100 61
146 28
5 52
86 126
44 160
38 86
51 168
158 2
68 108
183 95
135 18
161 156
133 94
85 17
137 64
29 122
168 51
169 16
40 131
67 5
13 34
137 100
104 152
83 129
170 97
115 161
35 52
95 103
127 135
147 113
34 93
99 73
117 127
77 54
108 158
168 172
169 137
21 10
40 23
66 161
113 93
79 100
164 58
35 173
61 82
102 83
134 152
127 27
113 129
59 158
93 34
51 37
83 106
35 29
168 64
135 116
106 89
153 21
179 159
178 114
70 23
164 179
17 17
154 22
100 51
5 42
50 50
115 30
110 64
129 114
142 133
81 37
113 106
99 171
119 149
85 7
83 83
28 147
75 79
168 41
155 108
66 30
52 95
184 22
116 116
81 158
41 122
1 49
73 154
180 137
85 128
57 66
131 15
117 117
108 148
68 75
69 40
169 127
160 158
113 83
179 28
51 171
138 176
79 90
104 34
152 74
145 35
83 60
28 124
66 7
177 103
95 70
127 102
160 50
106 79
107 44
52 108
125 178
30 169
17 7
163 61
68 52
129 68
34 96
179 5
79 67
67 129
30 61
83 73
154 133
146 129
106 56
64 59
164 146
61 170
135 119
108 102
122 149
148 58
179 162
86 83
92 14
98 57
168 152
175 48
80 39
66 141
67 106
12 170
144 60
71 76
164 38
131 90
83 50
183 137
162 114
122 41
148 179
95 24
146 106
106 33
6 95
111 148
104 109
108 79
96 25
153 1
25 81
125 168
164 159
91 175
163 51
108 115
129 58
106 154
140 67
67 83
79 57
125 24
58 34
96 146
8 33
34 171
154 87
59 115
172 135
146 83
166 61
30 51
158 57
9 114
83 63
129 179
95 37
81 102
87 33
6 108
133 149
93 76
152 162
44 71
45 36
170 67
76 23
73 134
147 83
12 124
30 172
51 115
83 184
95 158
96 123
114 171
162 68
134 86
181 81
19 19
179 8
91 44
177 47
83 40
109 178
134 122
146 96
33 39
159 35
104 99
164 113
115 108
171 9
147 60
85 85
86 50
164 149
177 168
97 59
57 23
54 134
168 119
95 135
60 177
86 86
118 118
79 47
64 147
23 146
83 17
22 150
148 146
154 77
119 119
5 97
166 51
111 115
151 151
158 47
177 60
9 104
135 63
113 161
181 179
18 152
179 106
152 152
93 66
79 168
64 39
90 177
91 142
51 69
63 160
83 138
163 18
149 83
168 96
114 125
148 38
83 174
95 148
28 58
127 180
7 35
162 58
181 71
154 54
17 85
109 168
148 159
135 40
33 29
25 25
179 83
49 153
124 67
116 63
15 160
102 128
108 59
162 179
109 24
135 76
140 11
39 108
78 36
51 82
23 100
184 54
75 147
35 74
94 160
168 109
55 52
33 150
106 134
113 30
59 59
158 181
79 37
178 159
64 137
57 98
91 11
83 7
28 71
154 67
92 92
6 52
177 50
105 31
42 91
81 82
141 133
79 158
125 125
30 116
86 17
83 128
184 31
102 141
75 124
168 86
169 51
60 144
106 111
10 143
147 148
148 113
154 44
159 159
166 18
97 147
3 140
14 149
106 3
70 166
30 93
50 108
168 63
148 5
20 85
139 36
59 13
97 39
83 141
103 119
35 64
81 180
7 2
106 124
18 11
119 63
46 79
64 127
71 23
108 170
129 113
134 79
15 91
18 96
38 111
152 96
90 121
36 150
42 81
156 66
168 40
154 142
73 68
133 119
79 148
131 158
156 102
84 83
143 132
94 127
135 128
129 5
13 59
132 10
119 40
64 104
90 13
108 147
142 60
68 74
127 160
74 154
5 54
51 170
158 4
131 50
75 6
116 7
96 178
7 100
59 147
152 109
39 52
98 138
17 150
164 83
156 79
83 95
102 108
108 39
162 159
12 71
115 163
108 124
127 137
47 28
128 102
147 115
134 33
154 11
39 173
108 160
109 125
40 25
60 3
79 102
124 24
164 60
27 91
73 58
19 87
106 55
111 170
13 13
158 102
58 164
177 115
23 57
83 108
51 39
69 173
115 140
35 31
87 78
46 46
64 94
116 141
28 28
122 184
73 179
40 2
92 49
57 91
96 168
61 61
7 90
67 141
113 108
93 13
57 176
91 89
83 85
103 63
48 127
96 24
146 141
106 68
4 57
164 158
142 27
127 127
162 5
93 134
139 101
100 30
39 163
111 39
137 177
138 142
117 119
9 28
163 86
54 179
95 180
160 160
140 102
13 147
18 76
133 63
19 41
30 50
17 117
9 113
83 62
75 58
108 6
154 122
74 13
52 74
83 98
170 66
142 4
93 111
139 78
100 7
119 20
83 183
108 127
68 54
168 141
129 70
74 134
148 83
140 79
13 124
133 40
101 87
18 89
59 127
114 26
119 141
163 184
83 75
80 149
26 178
141 165
106 58
147 59
34 39
44 83
164 148
170 79
3 51
135 121
127 117
183 18
147 95
179 164
93 124
5 11
31 149
178 168
90 55
42 15
161 115
106 179
67 108
141 57
154 76
18 66
8 22
64 182
70 113
90 91
83 52
142 138
68 152
84 17
134 134
175 135
80 126
140 177
146 108
100 141
106 35
12 28
38 166
158 82
117 50
127 94
33 87
99 32
30 161
91 177
108 117
8 179
22 77
95 147
74 124
160 127
113 52
126 134
159 168
64 159
125 26
17 84
136 184
102 42
103 7
119 131
39 22
6 74
171 178
77 134
83 65
124 66
121 177
26 168
106 48
99 9
137 121
171 34
83 150
2 76
62 127
108 94
163 30
156 134
15 15
158 180
133 7
38 35
58 13
170 154
75 182
95 160
96 125
42 5
7 47
47 83
48 48
181 83
59 94
5 86
30 30
71 68
17 97
91 46
131 82
75 38
143 56
95 16
155 67
81 81
46 160
179 95
38 156
64 28
156 111
117 40
102 140
76 2
81 117
108 71
127 84
86 52
177 170
49 21
68 34
160 117
64 149
178 171
30 7
83 19
28 83
162 83
122 10
148 148
154 79
106 2
37 168
167 18
84 20
170 23
117 17
81 94
181 181
113 163
133 141
179 108
152 154
39 97
20 84
131 180
51 71
156 124
83 140
108 84
67 52
146 52
159 171
166 30
163 141
182 154
75 28
129 148
95 6
140 157
181 158
125 114
58 124
144 127
105 56
91 121
56 14
7 158
109 26
114 104
60 133
12 93
13 58
79 3
178 125
157 102
3 44
124 154
95 127
160 107
88 88
181 50
154 33
18 23
93 166
36 77
108 182
75 5
121 121
154 69
33 8
49 132
108 38
162 158
136 20
154 154
18 144
133 131
25 40
79 160
34 9
51 61
110 147
97 28
83 130
184 33
40 168
155 155
106 113
59 38
158 160
159 125
16 76
170 134
171 99
182 108
120 133
154 46
155 11
37 135
131 62
184 154
105 10
10 1
115 54
62 48
161 170
8 77
26 125
59 159
147 6
125 104
11 82
164 95
51 38
97 5
83 107
108 51
168 65
169 30
74 58
106 90
63 165
131 183
84 108
170 111
90 2
127 149
93 156
46 81
91 3
18 98
179 52
24 178
10 14
28 148
108 28
162 148
136 10
168 42
154 144
74 35
85 44
131 160
51 51
177 127
83 120
3 11
84 85
24 34
9 171
61 181
36 8
146 176
47 17
134 22
59 28
173 13
159 115
119 42
79 6
44 128
71 2
170 124
57 67
82 11
108 149
109 114
14 105
21 1
141 66
51 172
58 68
124 13
108 5
162 125
59 149
79 127
63 119
83 97
40 135
154 157
86 22
13 38
158 127
131 173
64 83
2 108
108 126
134 35
93 146
37 102
111 51
117 131
76 93
42 37
21 14
7 79
113 97
27 57
98 117
71 100
122 65
94 83
154 134
100 163
146 130
106 57
5 154
11 85
17 165
177 117
24 24
75 106
135 120
95 84
182 52
127 116
64 96
37 79
56 92
109 104
148 95
81 5
31 184
79 81
58 58
184 134
91 55
101 99
85 11
91 91
51 18
138 23
123 123
177 94
83 87
75 83
131 127
84 52
168 45
96 26
141 177
106 70
33 86
78 8
64 73
124 124
156 156
135 133
108 116
28 7
120 90
97 106
42 27
129 95
121 91
99 152
32 162
174 66
98 107
17 119
164 52
90 103
163 173
68 164
47 141
94 73
168 22
95 38
141 154
106 47
92 149
159 59
108 93
27 168
34 64
93 113
44 108
30 173
64 86
38 34
51 116
57 47
97 83
117 98
108 129
149 130
106 168
67 97
12 161
133 42
23 170
79 71
64 171
83 41
94 50
154 101
146 97
106 24
158 71
131 117
137 48
83 77
75 73
127 83
18 176
125 159
44 85
144 172
10 92
137 133
110 179
156 146
61 174
108 106
127 119
73 148
167 161
152 32
98 61
3 89
49 56
61 30
81 8
34 162
27 37
154 78
147 182
19 33
133 55
119 120
82 89
83 54
68 154
95 28
141 144
12 30
58 146
164 127
35 13
108 83
147 74
74 90
99 34
12 115
30 163
152 9
149 120
168 133
96 114
61 7
1 105
106 158
59 83
24 125
65 126
16 121
17 86
35 134
76 135
83 31
28 95
142 117
47 108
162 95
21 56
95 5
154 91
40 69
119 133
57 158
159 26
136 42
180 85
56 49
83 152
49 10
75 148
148 52
160 106
26 26
159 147
184 91
144 18
170 156
130 120
17 63
95 162
34 152
154 68
146 64
91 48
83 44
28 108
170 12
81 83
127 50
60 60
147 28
179 97
44 52
42 128
61 141
108 73
127 86
168 87
147 64
160 83
93 93
166 163
86 54
85 89
57 27
83 165
135 175
96 104
101 33
114 152
106 148
99 109
28 85
109 159
48 63
121 133
154 81
37 170
58 113
64 7
124 58
108 50
127 63
141 147
18 156
148 6
179 110
57 4
117 55
163 22
95 116
114 129
161 61
67 54
52 154
13 83
170 146
90 37
116 175
117 140
163 107
91 2
147 162
154 58
158 28
68 134
115 66
95 8
81 73
127 40
33 33
133 120
30 107
90 158
63 141
10 49
137 90
83 119
149 64
168 77
154 179
129 6
106 102
39 112
85 79
63 177
79 5
104 178
83 155
29 184
95 129
28 39
142 61
47 52
99 99
64 141
91 15
83 11
108 184
81 50
127 17
26 114
132 132
115 79
176 95
7 137
122 87
71 158
37 16
137 103
178 104
70 13
115 164
106 115
57 79
116 165
171 101
28 52
47 65
154 48
158 18
109 162
7 114
119 175
39 66
144 119
131 149
156 93
95 83
114 96
160 63
159 104
104 168
64 95
124 146
170 113
17 20
108 138
34 109
147 129
154 25
173 38
171 114
104 24
108 174
22 134
14 130
127 7
26 104
19 65
179 54
17 141
91 90
170 5
83 86
62 63
7 127
134 168
149 31
85 46
103 100
154 2
39 164
5 22
64 108
17 33
131 18
40 16
121 90
13 148
58 70
70 124
50 66
61 75
108 7
127 20
67 155
133 100
179 67
119 165
125 96
12 39
91 103
51 30
75 95
35 22
94 108
95 73
92 184
59 7
108 128
127 141
73 170
34 99
33 134
23 169
163 100
164 28
115 23
14 120
96 159
162 104
79 106
119 142
71 102
164 64
51 7
2 2
83 76
168 34
66 23
12 52
158 106
23 61
177 119
97 10
124 113
75 108
35 35
95 86
37 81
111 30
58 24
108 141
68 68
169 120
74 148
175 51
106 180
79 83
144 63
124 5
101 101
7 94
134 135
94 62
148 182
106 36
158 83
83 89
175 172
95 63
96 28
81 128
40 127
73 124
125 171
164 162
170 93
156 158
163 54
127 131
179 178
97 108
95 184
101 78
62 7
154 90
20 10
17 121
83 66
28 130
102 79
143 80
134 148
168 24
154 126
33 65
106 49
166 100
104 125
64 52
65 17
61 163
163 31
108 95
81 141
127 108
33 101
129 38
93 115
5 2
30 175
9 9
68 58
150 97
129 74
106 170
113 66
141 48
18 57
12 163
71 69
42 42
96 162
1 153
154 103
131 119
50 131
170 47
115 111
75 75
29 108
15 173
80 153
7 169
96 18
33 78
148 28
133 165
152 178
159 74
164 152
38 13
83 164
108 108
68 35
168 122
66 111
106 147
52 176
152 34
79 50
90 59
28 84
48 62
34 164
181 97
73 6
59 108
173 93
92 105
39 13
177 63
75 52
155 81
26 159
113 164
141 146
146 112
133 142
127 62
38 170
52 68
158 86
144 151
106 39
164 129
16 2
115 124
110 158
102 154
108 85
135 102
129 28
39 134
31 130
51 108
83 177
70 58
77 17
15 42
106 160
153 92
177 40
83 33
28 97
142 119
109 171
175 116
95 7
40 71
140 158
106 16
170 37
2 44
80 143
22 22
121 181
93 82
39 111
91 158
10 84
83 154
160 108
106 137
12 130
158 184
152 24
178 162
24 104
144 20
17 65
36 78
83 10
162 74
146 66
5 90
38 124
111 108
171 159
83 46
50 98
129 162
95 20
81 85
33 45
179 99
93 59
144 141
156 115
7 172
22 35
14 31
39 124
85 91
59 39
31 120
23 116
98 30
83 167
135 177
41 170
127 173
7 28
106 150
52 179
154 47
13 108
159 162
30 11
91 27
117 165
121 135
67 164
106 6
6 68
33 22
108 52
27 127
154 168
18 158
73 94
146 164
86 33
156 128
83 144
168 102
142 50
160 98
106 127
141 5
113 23
59 52
158 174
178 152
64 130
131 40
117 142
108 173
28 64
29 29
47 77
147 164
148 129
152 99
57 127
158 30
18 135
44 44
90 160
37 5
138 57
97 19
83 121
95 95
12 97
36 45
95 131
96 96
108 150
134 59
147 141
154 37
93 170
40 15
159 152
51 173
129 129
7 103
67 154
27 81
79 128
90 137
124 50
117 11
28 162
162 162
154 158
160 52
106 81
13 39
158 128
177 141
83 134
115 166
36 22
95 108
142 40
127 140
134 36
52 146
153 49
18 4
71 16
68 90
168 177
129 106
160 173
140 115
100 79
57 117
105 14
116 23
7 116
168 33
173 148
179 79
119 177
79 141
12 51
93 39
111 173
180 44
63 133
60 127
161 30
106 94
158 141
64 97
170 115
108 140
129 83
74 147
154 27
46 85
51 163
2 158
104 26
14 132
96 171
81 42
113 111
13 173
44 11
90 127
157 37
162 152
95 62
154 148
74 39
178 96
64 74
89 18
115 156
28 8
127 130
162 8
147 108
148 73
64 110
38 58
157 158
115 12
175 63
120 127
66 156
86 134
24 159
35 168
28 129
162 129
134 147
111 163
9 152
81 140
160 55
106 84
179 154
159 96
156 170
108 130
134 39
121 69
141 47
49 80
35 145
110 59
160 176
7 83
26 96
141 83
122 33
154 102
119 144
79 108
30 66
17 133
91 82
84 43
143 92
134 160
75 74
168 36
95 52
141 168
5 158
52 90
158 108
177 121
64 64
124 115
10 93
115 146
2 89
108 107
127 120
47 11
100 23
37 83
97 97
57 61
103 177
7 60
66 146
106 182
141 60
73 5
79 85
39 12
119 121
90 94
156 39
83 55
29 84
148 184
154 115
99 179
74 6
146 111
106 38
52 67
158 85
131 131
23 40
104 114
143 105
1 21
106 74
133 177
164 164
91 180
83 176
76 51
108 120
168 134
73 162
175 30
120 94
146 3
18 46
23 161
35 135
156 16
162 96
54 5
18 82
83 68
102 81
168 26
95 42
26 171
146 124
18 167
147 52
92 153
105 92
37 37
164 141
108 97
68 24
27 172
175 7
39 146
30 177
38 38
23 138
97 87
156 173
90 48
168 147
126 150
59 97
133 46
71 71
131 85
9 96
162 109
174 83
106 28
92 130
52 57
23 30
77 150
115 113
108 74
18 180
37 50
23 115
137 137
157 115
75 162
69 2
7 27
66 113
78 87
79 52
138 138
170 170
130 134
83 22
8 28
114 9
106 5
5 102
58 114
23 7
131 98
83 58
9 109
80 132
113 166
106 41
18 157
133 144
126 19
19 122
42 142
2 69
116 91
76 18
127 100
122 134
169 66
106 126
158 173
38 28
91 183
138 115
83 179
106 162
113 58
25 174
5 79
30 23
117 177
3 155
148 164
176 83
5 115
92 120
52 47
133 121
164 108
170 39
108 64
113 179
168 78
39 113
91 160
137 127
97 54
49 14
75 152
14 56
95 130
142 62
96 95
7 17
67 68
59 64
79 42
125 9
98 55
171 125
91 16
142 98
9 99
68 148
129 164
95 22
181 174
27 116
113 156
73 83
64 34
91 137
97 31
83 133
75 129
155 158
121 16
13 74
18 3
51 100
124 170
40 27
159 164
119 91
71 51
3 145
163 134
182 147
148 154
40 63
135 35
121 137
141 115
79 140
30 98
28 174
108 54
127 67
14 10
54 83
158 140
63 168
82 181
7 7
106 129
34 110
52 158
67 58
59 54
173 39
5 46
24 96
71 28
131 42
163 111
83 2
108 175
134 84
74 182
120 149
40 40
154 62
140 127
146 58
3 158
124 39
164 75
116 35
135 48
67 179
113 146
73 73
74 38
93 51
30 111
91 127
137 94
82 158
48 165
41 126
146 179
106 106
33 122
126 84
172 51
13 64
124 160
56 105
16 69
127 165
34 123
74 159
148 108
139 139
154 39
37 128
38 93
51 175
166 13
9 66
68 115
121 127
108 8
181 141
172 172
179 68
93 28
152 114
116 48
28 164
108 44
162 164
109 9
95 74
169 23
154 160
173 173
146 156
106 83
5 180
54 73
104 159
184 39
142 42
47 33
134 38
106 119
52 148
146 12
38 70
57 83
129 108
18 91
38 106
24 171
156 61
28 141
47 154
48 119
168 35
74 28
100 166
139 8
166 111
86 2
83 113
184 16
103 91
95 87
147 97
159 108
64 99
34 113
25 144
12 174
141 59
85 158
32 152
38 83
152 68
49 92
124 6
115 37
61 66
113 113
99 178
133 91
173 127
93 18
91 94
83 90
28 154
130 22
2 16
162 154
154 150
146 146
5 170
106 73
12 66
177 133
184 29
10 105
148 75
179 179
154 6
119 48
92 31
65 77
58 38
54 184
74 162
121 94
66 158
79 97
125 64
184 150
83 67
108 11
154 127
100 156
106 50
52 79
31 56
158 97
51 34
137 74
83 103
116 100
106 86
6 148
134 5
39 145
119 25
57 50
129 75
80 33
12 164
113 67
172 116
90 83
35 147
102 57
7 85
134 126
181 121
83 80
95 54
135 90
1 10
5 160
106 63
126 41
99 24
64 66
170 84
76 40
136 91
168 123
129 52
12 141
86 90
92 21
168 159
81 11
67 113
106 184
71 83
31 10
163 166
83 57
154 117
146 113
106 40
131 133
177 100
170 61
171 26
135 103
108 86
96 32
62 119
30 166
95 152
128 100
74 129
12 154
64 164
50 37
102 47
34 178
154 94
173 107
106 17
6 79
103 48
96 9
7 160
127 76
34 34
147 54
125 152
58 162
144 165
16 16
102 168
74 106
67 67
5 6
18 25
46 44
61 23
114 178
106 174
134 93
113 70
154 71
133 48
57 138
3 167
163 156
83 47
82 82
68 147
154 107
92 132
12 23
133 133
115 115
42 131
147 67
74 83
75 164
168 126
66 115
162 52
44 176
90 63
83 24
102 37
134 106
34 168
40 62
106 7
163 169
64 10
7 150
127 66
34 24
179 113
152 159
91 149
51 76
2 71
102 158
95 119
106 128
67 57
38 30
24 95
184 84
106 164
134 83
154 61
99 125
5 81
119 103
3 157
178 9
83 37
124 38
15 131
61 98
141 127
146 93
33 36
106 20
158 67
104 96
164 110
124 74
102 135
108 66
127 79
128 44
73 108
74 73
154 182
39 115
166 156
46 11
132 14
37 42
85 82
177 165
23 107
83 158
70 39
75 154
135 168
95 132
101 26
154 38
59 66
173 51
79 44
71 40
30 2
91 18
109 152
14 143
154 74
57 141
158 44
176 98
51 66
117 48
143 149
68 6
54 108
67 47
26 9
172 63
171 104
116 168
108 164
127 177
134 73
60 7
146 47
85 180
5 71
65 122
97 154
115 59
135 37
59 164
125 109
70 173
30 100
64 13
91 116
137 83
94 121
154 172
114 99
106 95
180 81
71 174
78 33
104 171
137 119
83 148
90 7
154 28
18 18
93 161
64 134
170 152
131 44
83 4
28 68
183 91
29 33
176 52
141 94
60 20
59 141
113 112
179 57
133 90
86 158
145 64
81 79
8 95
113 148
73 75
79 155
138 61
29 154
109 34
160 79
60 141
106 108
154 5
126 86
158 155
79 11
16 71
108 154
136 136
168 168
34 125
154 41
158 11
57 108
77 86
101 114
67 158
73 52
133 103
93 30
119 168
125 99
39 59
23 51
83 102
134 184
40 140
154 162
146 158
5 182
107 50
106 85
172 30
24 52
115 170
116 135
28 22
127 144
119 60
10 153
57 85
66 170
27 62
13 164
18 93
52 6
179 47
38 108
44 2
39 36
85 3
164 67
35 182
83 79
168 37
40 117
154 139
173 152
106 62
30 103
172 7
91 119
28 179
170 83
115 147
35 38
127 121
134 17
159 110
10 130
131 11
109 109
34 115
85 160
92 56
179 24
35 159
115 39
142 142
81 46
67 148
113 115
51 23
137 63
154 152
160 46
161 11
66 39
146 148
177 135
70 9
156 161
136 103
179 181
66 124
39 170
154 8
98 76
163 93
96 152
162 97
132 105
119 135
71 95
63 91
157 18
95 43
154 129
106 52
159 64
63 127
29 134
35 28
61 166
62 131
95 79
39 147
5 5
92 10
31 143
10 120
38 39
108 134
109 99
182 83
7 51
106 173
12 166
85 150
6 6
38 75
91 50
82 81
156 30
154 106
93 10
39 39
71 108
28 146
124 83
94 91
106 65
147 66
133 168
107 30
99 26
72 72
144 177
64 68
65 33
108 111
68 38
168 125
129 54
148 67
121 50
67 79
141 28
38 52
156 7
7 64
122 14
27 42
154 83
141 64
133 60
181 100
91 63
83 59
68 159
168 17
95 33
141 149
146 115
52 71
38 173
166 93
158 89
117 57
61 156
96 34
8 150
87 65
34 59
153 10
179 148
74 95
140 40
119 17
91 184
83 180
184 83
69 16
14 80
129 67
95 154
160 134
121 63
12 156
113 59
18 50
133 37
78 101
79 66
11 11
23 165
91 40
137 7
12 12
166 70
17 127
63 94
158 66
64 22
124 73
75 68
141 162
133 158
152 171
85 81
50 160
2 83
83 157
68 28
128 79
74 108
85 117
18 27
78 78
51 124
170 161
90 52
91 17
154 73
79 79
64 179
111 111
131 89
28 113
135 59
168 7
34 13
133 135
38 163
158 79
64 35
56 31
117 47
7 175
68 5
127 91
85 94
30 158
145 145
177 177
138 106
96 109
160 124
47 67
106 153
12 146
154 50
99 114
133 27
178 178
71 52
63 48
182 148
134 108
34 170
80 100
154 86
141 116
5 106
52 38
152 125
64 12
178 34
68 162
170 30
113 170
34 26
71 173
110 164
83 147
117 60
184 50
95 121
161 66
106 130
