67 59
18 17
59 55
17 58
63 25
42 2
29 32
40 41
19 18
60 19
6 48
63 61
33 38
34 3
53 16
44 47
64 25
10 54
56 21
2 50
3 15
14 24
67 36
46 13
59 32
13 65
49 18
15 25
47 57
7 21
59 68
18 30
5 60
63 38
48 58
40 54
60 32
33 15
25 11
44 24
64 2
10 31
2 27
22 5
14 1
34 16
25 47
43 64
15 2
67 49
59 45
18 7
36 61
9 44
29 22
47 70
21 18
40 31
52 5
21 54
62 55
41 32
25 24
64 15
31 67
10 44
2 40
3 5
43 41
22 18
67 26
13 55
32 68
24 64
16 60
17 25
36 38
5 50
17 61
50 58
29 35
21 31
61 67
40 44
33 5
52 18
10 21
2 17
62 68
54 64
12 67
4 63
43 54
3 18
35 50
36 15
1 57
47 24
67 39
59 35
5 27
17 38
63 5
9 34
29 12
40 21
5 63
42 67
62 45
33 18
12 44
31 57
32 22
43 31
35 27
14 4
1 34
67 16
59 12
32 58
24 54
16 50
17 15
35 63
28 24
48 2
5 40
29 25
42 44
19 60
39 38
44 4
51 12
2 7
62 58
12 57
13 22
31 70
32 35
24 31
64 67
43 44
16 27
28 1
47 14
59 25
5 17
46 55
65 68
38 51
57 64
49 60
29 2
15 67
61 34
40 11
6 18
42 57
54 31
39 51
12 34
31 47
32 12
4 30
51 25
35 17
1 24
13 35
59 2
4 66
24 44
65 45
16 40
17 5
3 70
28 14
47 27
46 68
5 30
38 64
50 38
61 47
62 12
27 54
19 50
31 24
51 2
54 44
12 47
4 43
32 25
64 57
24 21
43 34
16 17
47 4
5 7
46 45
65 58
57 54
49 50
15 57
26 66
27 31
18 62
19 27
39 5
31 1
63 70
42 47
62 25
8 54
54 21
19 63
60 64
11 59
12 24
4 20
51 15
43 11
35 7
1 14
53 61
56 66
57 31
16 30
3 60
49 27
28 4
15 34
26 43
46 58
38 54
49 63
15 70
7 66
27 44
19 40
20 5
39 18
12 1
31 14
41 64
53 38
13 2
4 33
45 34
44 69
64 47
65 12
56 43
16 7
22 50
34 61
46 35
38 31
57 44
49 40
50 5
15 47
61 14
7 43
26 56
27 21
18 52
19 17
11 13
63 60
29 67
21 63
52 50
12 14
4 10
64 24
43 1
1 4
34 38
45 47
46 12
64 60
65 25
56 56
57 21
49 17
22 63
14 59
7 20
26 33
59 67
42 14
7 56
40 53
19 30
39 8
11 26
31 4
33 50
34 15
52 63
44 59
10 66
56 33
3 27
22 40
14 36
34 51
38 21
3 63
49 30
36 60
61 4
7 33
47 69
27 11
18 42
19 7
63 50
29 57
40 66
60 44
33 27
12 4
53 5
52 40
44 36
56 10
22 17
14 13
25 59
46 2
32 67
57 11
3 40
49 7
22 53
15 14
67 61
59 57
18 19
17 60
63 27
9 56
29 34
48 47
40 43
60 21
52 17
44 13
62 67
33 40
34 5
25 36
53 18
44 49
64 27
10 56
51 57
2 52
3 17
22 30
67 38
13 67
59 34
36 50
47 59
27 1
40 20
59 70
5 62
63 40
29 47
40 56
60 34
33 17
6 63
52 30
25 13
44 26
64 4
10 33
22 7
14 3
67 15
32 57
43 66
3 30
15 4
1 69
47 36
26 13
59 47
17 50
63 17
36 63
28 59
29 24
21 20
40 33
60 11
62 57
33 30
31 69
32 34
51 47
2 42
3 7
22 20
35 39
14 16
13 57
59 24
24 66
16 62
17 27
36 40
47 49
48 14
40 10
5 52
63 30
21 33
62 34
41 11
33 7
52 20
25 3
44 16
39 50
2 19
54 66
67 5
12 69
13 34
59 1
4 65
32 47
51 60
24 43
16 39
36 17
28 13
46 67
17 40
63 7
29 14
21 10
62 47
54 43
20 50
25 16
39 63
31 59
4 42
32 24
24 20
43 33
47 3
13 47
59 14
24 56
65 57
36 30
47 39
5 42
61 59
54 20
27 66
19 62
20 27
39 40
31 36
10 13
43 10
54 56
12 59
13 24
4 55
64 69
24 33
16 29
36 7
28 3
47 16
46 57
5 19
38 53
57 66
17 30
49 62
50 27
29 4
15 69
7 65
40 13
27 43
19 39
39 17
42 59
54 33
20 40
31 49
4 32
51 27
24 10
1 26
34 60
59 4
45 69
46 34
37 65
16 42
17 7
57 43
36 20
49 39
28 16
26 55
46 70
38 66
61 49
54 10
19 52
20 17
51 4
12 49
25 68
13 14
4 45
32 27
64 59
65 24
56 55
16 19
14 58
46 47
65 60
38 43
57 56
9 16
49 52
42 13
15 59
61 26
7 55
26 68
27 33
19 29
39 7
31 3
42 49
20 30
60 66
11 61
12 26
31 39
23 35
64 36
43 13
10 65
1 16
34 50
46 24
38 20
56 68
57 33
49 29
15 36
26 45
27 10
38 56
62 4
7 68
40 65
19 42
60 43
39 20
31 16
34 27
53 40
25 58
4 35
46 1
64 49
65 14
56 45
3 39
22 52
14 48
34 63
67 60
37 68
38 33
49 42
42 3
15 49
61 16
7 45
18 54
63 62
41 43
33 39
12 16
53 17
4 12
44 48
64 26
10 55
22 29
34 40
46 14
65 27
37 45
38 10
56 58
3 52
22 65
14 61
15 26
26 35
59 69
18 31
63 39
9 68
42 16
40 55
60 33
52 29
34 17
52 65
53 30
44 61
65 4
56 35
3 29
22 42
14 38
26 12
67 50
36 62
15 39
28 58
7 35
11 5
63 52
29 59
21 55
33 29
52 42
44 38
4 2
64 16
56 12
3 6
22 19
14 15
34 30
67 27
46 4
37 35
24 65
57 13
3 42
15 16
7 12
47 48
26 25
67 63
18 21
17 62
63 29
29 36
44 15
10 22
62 69
54 65
33 42
34 7
53 20
25 38
44 51
10 58
56 25
51 59
43 55
22 32
26 2
67 40
59 36
29 13
47 61
40 22
5 64
63 42
29 49
40 58
33 19
56 2
2 31
67 17
59 13
32 59
24 55
43 68
36 29
47 38
7 2
59 49
17 52
36 65
29 26
44 5
54 55
12 58
37 2
23 67
24 32
35 41
14 18
1 48
67 30
13 59
59 26
24 68
65 69
16 64
17 29
36 42
9 25
28 38
47 51
40 12
9 61
42 58
25 5
39 52
43 22
54 68
67 7
13 36
4 67
32 49
24 45
43 58
35 54
36 19
1 61
46 69
5 31
38 65
17 42
9 38
29 16
40 25
27 55
10 2
62 49
54 45
20 52
39 65
31 61
4 44
32 26
51 39
23 57
43 35
1 38
47 5
67 20
59 16
65 59
16 54
57 55
36 32
26 67
5 44
42 48
62 26
27 68
19 64
39 42
12 25
31 38
51 16
23 34
2 11
43 12
12 61
13 26
4 57
24 35
16 31
35 44
28 5
1 51
47 18
46 59
5 21
38 55
57 68
49 64
42 25
61 38
21 2
27 45
19 41
31 15
42 61
8 68
54 35
20 42
12 38
32 16
24 12
43 25
34 62
46 36
65 49
57 45
49 41
28 18
15 48
26 57
27 22
38 68
42 38
62 16
8 45
54 12
27 58
19 54
60 55
20 19
11 50
12 15
43 2
1 5
53 52
25 70
4 47
13 16
64 61
24 25
65 26
56 57
16 21
3 51
26 34
46 49
5 11
38 45
57 58
49 54
42 15
7 57
27 35
18 66
19 31
31 5
54 25
41 55
60 68
4 24
44 60
64 38
24 2
56 34
2 63
1 18
45 61
46 26
37 57
65 39
57 35
3 64
49 31
15 38
61 5
7 34
27 12
18 43
54 2
40 67
19 44
60 45
11 40
12 5
31 18
4 1
34 29
25 60
45 38
64 51
65 16
57 12
22 54
14 50
67 62
59 58
38 35
49 44
42 5
28 70
7 47
27 25
18 56
19 21
11 17
63 64
52 54
4 14
44 50
56 24
22 31
14 27
34 42
45 51
46 16
37 47
38 12
57 25
3 54
49 21
14 63
7 24
47 60
27 2
18 33
63 41
40 57
60 35
52 31
44 27
64 5
10 34
56 1
33 54
34 19
25 50
44 63
37 24
10 70
57 2
2 66
3 31
43 67
22 44
14 40
15 5
18 10
59 48
17 51
36 64
19 11
11 7
63 54
29 61
21 57
40 70
41 35
33 31
25 27
44 40
10 47
56 14
2 43
22 21
14 17
67 29
13 58
38 2
24 67
3 44
49 11
16 63
36 41
15 18
47 50
67 65
59 61
5 53
63 31
9 60
29 38
21 34
40 47
52 21
25 4
44 17
10 24
2 20
33 44
25 40
32 48
2 56
43 57
3 21
14 30
1 60
26 4
67 42
59 38
36 54
28 50
29 15
47 63
40 24
5 66
10 1
29 51
42 70
33 21
25 17
39 64
44 30
56 4
22 11
14 7
67 19
13 48
32 61
24 57
43 70
17 18
35 66
28 27
7 4
48 5
47 40
40 1
5 43
17 54
63 21
9 50
28 63
61 60
21 24
27 67
44 7
10 14
62 61
54 57
12 60
13 25
4 56
24 34
43 47
35 43
1 50
47 17
67 32
13 61
5 20
16 66
57 67
17 31
36 44
9 27
28 40
29 5
21 1
40 14
62 38
54 34
33 11
25 7
39 54
31 50
32 15
54 70
1 27
59 5
4 69
24 47
16 43
36 21
9 4
28 17
47 30
5 33
38 67
63 11
21 14
62 15
61 50
27 57
19 53
39 31
31 27
62 51
54 47
20 54
39 67
12 50
31 63
16 20
1 40
47 7
59 18
17 21
9 17
49 53
28 30
15 60
61 27
26 69
18 65
50 54
54 24
27 70
19 66
20 31
39 44
12 27
11 62
31 40
24 1
1 17
4 59
45 60
65 38
56 69
57 34
16 33
36 11
47 20
46 61
38 57
49 66
50 31
42 27
21 4
62 5
7 69
61 40
27 47
19 43
11 39
31 17
23 13
12 40
13 5
64 50
24 14
43 27
16 10
34 64
46 38
37 69
57 47
9 7
49 43
15 50
61 17
26 59
18 55
19 20
42 40
54 14
60 57
12 17
31 30
43 4
1 7
34 41
53 54
46 15
64 63
57 24
49 20
22 66
26 36
46 51
5 13
38 47
42 17
15 63
61 30
7 59
19 33
31 7
33 53
52 66
25 49
4 26
44 62
64 40
24 4
65 5
22 43
34 54
38 24
3 66
49 33
15 40
61 7
26 49
19 10
63 53
29 60
21 56
54 4
20 11
60 47
11 42
12 7
52 43
31 20
44 39
23 16
64 17
33 66
34 31
25 62
46 5
65 18
3 43
49 10
22 56
14 52
15 17
67 64
18 22
17 63
50 11
7 49
48 50
60 24
63 66
33 43
52 56
25 39
53 21
4 16
45 17
64 30
10 59
56 26
2 55
3 20
22 33
14 29
34 44
67 41
46 18
13 70
37 49
38 14
57 27
3 56
15 30
47 62
27 4
63 43
29 50
40 59
33 20
44 29
64 7
10 36
22 10
33 56
34 21
25 52
32 60
57 4
3 33
14 42
15 7
26 16
67 54
59 50
63 20
36 66
40 36
60 14
29 63
21 59
62 60
44 42
45 7
10 49
56 16
51 50
3 10
14 19
13 60
59 27
38 4
24 69
16 65
36 43
7 16
47 52
59 63
5 55
17 66
63 33
9 62
29 40
48 53
40 49
60 27
33 10
2 22
54 69
34 11
25 42
4 68
43 59
35 55
14 32
1 62
67 44
59 40
18 2
17 43
63 10
28 52
29 17
48 30
21 13
60 4
5 68
10 3
20 53
39 66
31 62
10 39
51 40
43 36
22 13
67 21
13 50
59 17
24 59
16 55
17 20
35 68
47 42
48 7
5 45
6 10
17 56
50 53
29 30
61 62
62 27
21 26
41 4
27 69
52 13
19 65
39 43
10 16
51 17
2 12
54 59
20 66
12 62
13 27
4 58
32 40
43 49
16 32
36 10
1 52
47 19
13 63
59 30
46 60
16 68
57 69
17 33
9 29
49 65
29 7
40 16
5 58
42 62
8 69
31 52
32 17
51 30
43 26
1 29
67 11
13 40
59 7
4 71
24 49
16 45
17 10
1 65
5 35
38 69
62 17
54 13
27 59
19 55
39 33
54 49
12 52
13 17
31 65
64 62
24 26
43 39
5 12
46 50
57 59
49 55
50 20
15 62
7 58
6 13
19 32
39 10
42 52
54 26
19 68
60 69
12 29
31 42
4 25
32 7
51 20
43 16
67 1
53 66
13 30
4 61
45 62
46 27
65 40
37 58
16 35
57 36
36 13
49 32
46 63
38 59
49 68
42 29
61 42
62 7
27 49
31 19
33 65
12 42
13 7
4 38
32 20
64 52
65 17
24 16
16 12
56 48
35 25
22 55
34 66
46 40
5 2
57 49
15 52
61 19
26 61
19 22
63 65
62 20
8 49
54 16
60 59
11 54
52 55
4 15
64 29
34 43
46 17
64 65
38 13
56 61
57 26
3 55
49 22
14 64
15 29
7 25
26 38
38 49
42 19
61 32
7 61
27 39
19 35
60 36
11 31
41 59
33 55
34 20
25 51
44 64
45 29
64 42
65 7
56 38
16 2
34 56
26 15
46 30
57 39
3 68
49 35
15 42
7 38
26 51
27 16
18 47
19 12
63 55
29 62
21 58
33 32
53 10
4 5
10 48
33 68
34 33
25 64
46 7
65 20
37 38
56 51
57 16
38 3
49 12
22 58
14 54
15 19
7 15
67 66
18 24
59 62
29 39
19 25
6 55
52 22
41 49
33 45
34 10
44 54
64 32
37 15
51 62
3 22
22 35
14 31
26 5
67 43
46 20
59 39
18 1
38 16
49 25
36 55
15 32
47 64
19 2
5 67
29 52
48 65
40 61
41 26
33 22
44 31
10 38
56 5
22 12
25 54
32 62
24 58
3 35
49 2
35 67
14 44
7 5
59 52
18 14
17 55
63 22
9 51
48 42
40 38
60 16
52 12
10 15
54 58
33 35
25 31
51 52
56 18
2 47
3 12
22 25
14 21
67 33
13 62
59 29
16 67
47 54
40 15
5 57
17 68
63 35
29 42
21 38
41 16
33 12
52 25
22 2
67 10
3 25
16 44
43 61
35 57
1 64
47 31
59 42
18 4
5 34
17 45
63 12
36 58
28 54
29 19
48 32
21 15
5 70
52 2
10 5
2 1
54 48
20 55
39 68
12 51
31 64
32 29
51 42
23 60
43 38
3 2
13 52
59 19
32 65
65 62
16 57
36 35
28 31
47 44
40 5
5 47
50 55
61 64
62 29
33 2
19 67
39 45
44 11
31 41
10 18
43 15
54 61
12 64
13 29
4 60
32 42
24 38
16 34
35 47
36 12
1 54
47 21
46 62
5 24
17 35
63 2
57 71
9 31
49 67
21 5
40 18
62 42
54 38
31 54
32 19
24 15
16 11
1 31
34 65
67 13
13 42
5 1
24 51
65 52
16 47
17 12
36 25
28 21
26 60
61 54
62 19
54 15
27 61
19 57
20 22
39 35
12 18
43 5
20 58
12 54
13 19
4 50
65 29
56 60
36 2
1 44
47 11
5 14
46 52
57 61
49 57
15 64
61 31
7 60
27 38
19 34
42 54
62 32
12 31
31 44
4 27
24 5
43 18
1 21
34 55
45 64
46 29
65 42
57 38
17 2
3 67
49 34
28 11
26 50
27 15
38 61
42 31
61 44
54 5
19 47
39 25
11 43
31 21
34 32
25 63
4 40
64 54
24 18
56 50
57 15
47 1
34 68
26 27
5 4
46 42
57 51
49 47
15 54
61 21
7 50
26 63
18 59
19 24
39 2
11 20
63 67
21 70
54 18
60 61
20 25
12 21
4 17
64 31
10 60
56 27
35 4
22 34
34 45
53 58
46 19
49 24
22 70
14 66
7 27
26 40
27 5
19 1
63 44
60 38
11 33
31 11
41 61
33 57
52 70
25 53
44 66
64 44
16 4
57 5
56 40
3 34
49 1
22 47
26 17
67 55
59 51
18 13
50 2
36 67
61 11
7 40
27 18
19 14
11 10
63 57
29 64
41 38
60 51
33 34
52 47
12 11
4 7
44 43
10 50
56 17
1 1
34 35
25 66
38 5
3 47
49 14
14 56
15 21
7 17
47 53
26 30
59 64
17 67
63 34
42 11
29 41
40 50
52 24
44 20
10 27
33 47
34 12
25 43
53 25
64 34
10 63
3 24
14 33
26 7
38 18
36 57
47 66
40 27
19 4
60 5
5 69
63 47
29 54
21 50
40 63
6 70
25 20
44 33
10 40
56 7
2 36
3 1
22 14
14 10
34 25
32 64
16 56
49 4
36 34
15 11
47 43
67 58
26 20
59 54
18 16
17 57
28 66
21 27
33 1
52 14
44 10
10 17
2 13
62 64
54 60
34 2
25 33
12 63
37 7
32 41
3 14
43 50
22 27
67 35
13 64
59 31
16 69
36 47
48 21
40 17
5 59
29 44
42 63
21 40
33 14
52 27
39 57
64 1
31 53
10 30
2 26
67 12
13 41
24 50
43 63
35 59
36 24
1 66
47 33
59 44
38 70
17 47
9 43
28 56
29 21
21 17
61 53
40 30
10 7
62 54
54 50
12 53
31 66
4 49
51 44
24 27
23 62
3 4
43 40
1 43
47 10
67 25
13 54
59 21
24 63
16 59
57 60
40 7
5 49
6 14
42 53
21 30
62 31
61 66
54 27
33 4
39 47
11 65
31 43
43 17
54 63
20 70
12 66
4 62
32 44
24 40
43 53
16 36
35 49
28 10
1 56
46 64
38 60
63 4
9 33
29 11
21 7
61 43
27 50
39 24
50 70
42 66
62 44
54 40
20 47
12 43
31 56
4 39
24 17
43 30
16 13
1 33
34 67
13 44
59 11
65 54
16 49
17 14
57 50
15 53
61 20
48 1
26 62
18 58
50 47
61 56
54 17
27 63
19 59
11 55
12 20
31 33
23 29
43 7
1 10
12 56
13 21
4 52
64 66
65 31
24 30
56 62
16 26
47 13
14 65
5 16
65 67
38 50
57 63
49 59
42 20
15 66
61 33
7 62
27 40
19 36
31 10
54 30
12 33
4 29
44 65
23 42
64 43
24 7
43 20
32 11
35 16
34 57
46 31
38 27
17 4
57 40
49 36
15 43
26 52
27 17
19 13
42 33
62 11
54 7
60 50
39 27
23 19
33 69
25 65
64 56
65 21
56 52
57 17
49 13
22 59
14 55
15 20
26 29
46 44
38 40
42 10
15 56
7 52
27 30
18 61
19 26
39 4
52 59
53 24
44 55
64 33
56 29
2 58
22 36
34 47
46 21
37 52
38 17
56 65
57 30
3 59
49 26
15 33
7 29
26 42
27 7
18 38
29 53
48 66
40 62
41 27
52 36
31 13
44 32
41 63
33 59
34 24
25 55
44 68
37 29
57 7
3 36
22 49
15 10
67 57
59 53
28 65
7 42
27 20
40 39
19 16
60 17
63 59
29 66
34 1
44 45
10 52
3 13
22 26
14 22
67 34
46 11
38 7
57 20
3 49
49 16
47 55
26 32
59 66
17 69
63 36
29 43
48 56
40 52
60 30
10 29
2 25
22 3
33 49
34 14
53 27
65 1
32 53
2 61
3 26
43 62
67 47
59 43
63 13
36 59
28 55
29 20
47 68
60 7
63 49
21 52
62 53
33 26
53 4
25 22
39 69
44 35
64 13
10 42
2 38
22 16
59 20
15 13
47 45
48 10
59 56
17 59
63 26
9 55
29 33
61 65
40 42
33 3
44 12
10 19
62 66
34 4
25 35
12 65
32 43
24 39
43 52
3 16
14 25
1 55
47 22
13 66
59 33
16 71
36 49
29 10
47 58
40 19
5 61
42 65
21 42
62 43
33 16
25 12
39 59
44 25
31 55
51 33
43 29
13 43
59 10
24 52
43 65
36 26
1 68
47 35
5 38
6 3
17 49
63 16
61 55
40 32
19 58
39 36
62 56
12 55
13 20
31 68
4 51
23 64
24 29
43 42
16 25
35 38
1 45
47 12
5 15
46 53
65 66
16 61
57 62
17 26
36 39
49 58
15 65
5 51
18 70
42 55
61 68
62 33
54 29
25 2
39 49
12 32
31 45
43 19
12 68
53 69
4 64
24 42
65 43
16 38
36 16
28 12
1 58
47 25
46 66
38 62
9 35
42 32
61 45
8 39
27 52
39 26
11 44
31 22
54 42
12 45
13 10
31 58
4 41
64 55
24 19
43 32
16 15
1 35
47 2
34 69
46 43
65 56
38 39
17 16
57 52
15 55
7 51
26 64
61 58
54 19
27 65
19 61
60 62
11 57
12 22
31 35
4 18
51 13
1 12
53 59
4 54
64 68
56 64
57 29
28 2
26 41
46 56
5 18
38 52
57 65
49 61
42 22
15 68
7 64
8 29
27 42
19 38
20 3
31 12
33 58
12 35
4 31
44 67
32 13
64 45
65 10
16 5
2 70
1 25
34 59
45 68
46 33
38 29
57 42
49 38
50 3
15 45
61 12
26 54
19 15
63 58
29 65
8 42
20 16
11 47
31 25
1 2
34 36
25 67
56 54
57 19
3 48
49 15
22 61
15 22
7 18
59 65
18 27
38 42
15 58
61 25
7 54
48 55
27 32
18 63
60 29
31 2
34 13
25 44
44 57
4 21
64 35
37 18
10 64
56 31
22 38
34 49
37 54
57 32
14 70
61 2
47 67
7 31
18 40
19 5
29 55
48 68
60 42
33 25
12 2
52 38
44 34
64 12
22 15
33 61
34 26
53 39
25 57
37 31
56 44
3 38
49 5
14 47
15 12
