67 59
26 21
18 17
59 55
70 64
71 29
17 58
63 25
50 6
42 2
28 67
29 32
48 45
40 41
19 18
60 19
6 48
52 15
63 61
29 68
41 42
33 38
34 3
73 74
53 16
52 51
44 47
72 29
64 25
10 54
56 21
2 50
3 15
14 24
66 71
67 36
46 13
59 32
13 65
24 74
70 41
16 70
49 18
36 48
15 25
55 61
47 57
7 21
59 68
18 30
5 60
71 42
17 71
63 38
9 67
29 45
48 58
40 54
60 32
33 15
52 28
25 11
44 24
64 2
10 31
2 27
22 5
54 74
14 1
34 16
74 52
25 47
66 48
65 3
32 55
43 64
3 28
15 2
55 38
1 67
67 49
26 11
59 45
18 7
70 54
17 48
63 15
36 61
9 44
28 57
29 22
47 70
48 35
21 18
40 31
5 73
6 38
52 5
21 54
62 55
41 32
54 51
33 28
73 64
25 24
53 6
39 71
45 2
64 15
31 67
10 44
51 45
56 11
2 40
3 5
43 41
22 18
74 65
66 61
67 26
13 55
32 68
24 64
70 31
16 60
17 25
36 38
55 51
28 34
48 12
40 8
5 50
6 15
71 32
17 61
63 28
9 57
50 58
29 35
69 71
21 31
61 67
40 44
27 74
33 5
73 41
52 18
6 51
39 48
10 21
2 17
62 68
54 64
74 42
34 6
20 71
66 38
67 3
12 67
13 32
4 63
32 45
51 58
24 41
70 8
43 54
3 18
35 50
36 15
1 57
47 24
67 39
59 35
5 27
70 44
16 73
17 38
63 5
57 74
9 34
28 47
29 12
69 48
48 25
21 8
40 21
5 63
6 28
50 71
42 67
62 45
54 41
33 18
74 19
73 54
20 48
66 15
39 61
12 44
25 14
31 57
32 22
51 35
2 30
43 31
35 27
14 4
55 5
1 34
66 51
67 16
13 45
59 12
32 58
24 54
65 55
70 21
16 50
17 15
35 63
9 11
55 41
28 24
1 70
68 60
48 2
5 40
38 74
63 18
58 52
9 47
50 48
29 25
42 44
69 61
61 57
27 64
73 31
19 60
39 38
44 4
30 69
31 34
51 12
2 7
62 58
54 54
74 32
20 61
66 28
12 57
13 22
31 70
32 35
72 71
23 66
24 31
64 67
43 44
16 27
51 48
35 40
36 5
55 18
28 1
1 47
47 14
59 25
5 17
46 55
65 68
38 51
57 64
17 28
58 29
49 60
29 2
69 38
15 67
61 34
40 11
7 63
6 18
18 72
58 65
50 61
42 57
61 70
62 35
8 64
54 31
73 44
19 73
20 38
66 5
39 51
12 34
31 47
32 12
4 30
51 25
24 8
43 21
35 17
1 24
34 58
67 6
13 35
59 2
4 66
45 67
53 71
24 44
65 45
70 11
16 40
17 5
57 41
3 70
28 14
68 50
47 27
26 53
46 68
5 30
38 64
50 38
69 51
42 34
61 47
62 12
8 41
54 8
27 54
73 21
19 50
20 15
30 59
31 24
51 2
54 44
41 74
20 51
33 70
66 18
12 47
13 12
53 48
4 43
32 25
72 61
64 57
24 21
43 34
16 17
56 53
55 8
47 4
34 71
5 7
46 45
65 58
38 41
57 54
49 50
9 14
50 15
69 28
15 57
7 53
26 66
27 31
18 62
19 27
39 5
30 36
31 1
50 51
63 70
42 47
62 25
8 54
54 21
19 63
60 64
20 28
11 59
12 24
39 41
52 60
4 20
72 38
51 15
32 2
43 11
35 7
1 14
34 48
53 61
72 74
45 57
64 70
65 35
56 66
57 31
16 30
3 60
49 27
28 4
68 40
14 69
15 34
61 1
69 5
26 43
46 58
18 39
38 54
49 63
50 28
69 41
42 24
15 70
62 2
7 66
48 67
27 44
73 11
19 40
20 5
39 18
12 1
30 49
31 14
11 36
41 64
52 73
53 38
13 2
4 33
45 34
72 51
64 47
65 12
24 11
56 43
16 7
2 72
57 8
22 50
34 61
45 70
46 35
65 48
38 31
57 44
3 73
49 40
50 5
69 18
42 1
15 47
61 14
7 43
26 56
27 21
18 52
19 17
11 13
30 26
71 64
63 60
29 67
8 44
21 63
54 11
20 18
52 50
12 14
53 15
4 10
72 28
64 24
43 1
10 53
1 4
34 38
25 69
53 51
45 47
46 12
64 60
65 25
38 8
56 56
57 21
3 50
49 17
22 63
14 59
15 24
7 20
26 33
67 71
59 67
18 29
30 3
17 70
50 18
42 14
7 56
48 57
40 53
73 1
19 30
39 8
11 26
31 4
63 73
41 54
60 67
33 50
34 15
52 63
53 28
44 59
72 41
65 2
10 66
56 33
2 62
3 27
22 40
68 7
14 36
15 1
34 51
67 48
18 6
38 21
3 63
49 30
36 60
69 8
55 73
61 4
7 33
27 11
18 42
19 7
5 72
11 3
30 16
71 54
63 50
29 57
48 70
21 53
40 66
41 31
60 44
33 27
6 73
12 4
53 5
52 40
44 36
72 18
45 1
64 14
56 10
2 39
22 17
14 13
33 63
74 64
34 28
25 59
46 2
32 67
65 15
57 11
3 40
49 7
22 53
68 20
35 72
15 14
55 50
7 10
67 61
59 57
18 19
70 66
71 31
17 60
63 27
9 56
42 4
28 69
29 34
48 47
40 43
41 8
60 21
11 16
52 17
44 13
10 20
29 70
21 66
62 67
41 44
33 40
34 5
74 41
25 36
53 18
44 49
45 14
64 27
10 56
51 57
2 52
3 17
22 30
66 73
67 38
13 67
59 34
70 43
71 8
16 72
36 50
55 63
47 59
48 24
27 1
40 20
59 70
5 62
6 27
71 44
30 6
17 73
63 40
58 74
9 69
29 47
21 43
40 56
60 34
33 17
6 63
52 30
25 13
44 26
72 8
64 4
10 33
2 29
22 7
14 3
34 18
74 54
66 50
67 15
32 57
51 70
24 53
70 20
43 66
3 30
57 1
36 27
15 4
55 40
1 69
47 36
26 13
67 51
59 47
70 56
71 21
17 50
63 17
36 63
28 59
29 24
47 72
21 20
40 33
60 11
6 40
52 7
44 3
2 6
62 57
54 53
33 30
73 66
74 31
25 26
66 27
39 73
45 4
53 8
31 69
32 34
51 47
2 42
3 7
22 20
35 39
14 16
55 17
66 63
67 28
13 57
59 24
32 70
24 66
70 33
16 62
17 27
36 40
28 36
47 49
48 14
40 10
5 52
6 17
63 30
9 59
69 73
21 33
62 34
41 11
33 7
73 43
52 20
25 3
19 72
44 16
39 50
51 24
2 19
62 70
54 66
74 44
20 73
66 40
67 5
12 69
13 34
59 1
4 65
32 47
51 60
24 43
70 10
43 56
16 39
36 17
55 30
28 13
1 59
46 67
5 29
17 40
63 7
49 72
9 36
28 49
29 14
48 27
21 10
60 1
6 30
50 73
42 69
62 47
54 43
73 56
74 21
20 50
25 16
39 63
66 17
31 59
4 42
32 24
23 55
24 20
43 33
35 29
14 6
55 7
1 36
47 3
67 18
13 47
59 14
24 56
65 57
57 53
36 30
9 13
68 62
28 26
47 39
48 4
5 42
6 7
69 63
61 59
54 20
27 66
73 33
19 62
20 27
39 40
11 58
30 71
31 36
10 13
23 32
43 10
54 56
20 63
66 30
12 59
13 24
4 55
72 73
24 33
64 69
16 29
35 42
36 7
55 20
28 3
47 16
46 57
5 19
65 70
38 53
57 66
17 30
49 62
50 27
9 26
29 4
69 40
15 69
61 36
7 65
40 13
27 43
73 10
18 74
19 39
6 20
39 17
30 48
50 63
42 59
8 66
54 33
74 11
20 40
66 7
39 53
12 36
13 1
31 49
4 32
72 50
51 27
24 10
23 45
11 71
1 26
34 60
53 73
59 4
45 69
46 34
37 65
65 47
16 42
17 7
57 43
36 20
49 39
9 3
28 16
69 17
3 72
26 55
46 70
5 32
18 51
38 66
50 40
69 53
42 36
61 49
8 43
54 10
27 56
19 52
20 17
11 48
12 13
39 30
30 61
31 26
51 4
1 3
33 72
12 49
25 68
13 14
4 45
32 27
72 63
64 59
65 24
53 50
56 55
16 19
35 32
68 29
1 39
14 58
34 73
46 47
65 60
38 43
57 56
58 21
9 16
49 52
68 65
50 17
42 13
15 59
61 26
69 30
7 55
8 20
26 68
27 33
18 64
19 29
39 7
30 38
31 3
63 72
42 49
74 1
20 30
60 66
11 61
12 26
31 39
4 22
44 58
23 35
64 36
72 40
43 13
10 65
32 4
1 16
34 50
53 63
45 59
46 24
64 72
38 20
56 68
57 33
3 62
49 29
68 42
69 7
14 71
15 36
61 3
7 32
26 45
27 10
18 41
38 56
30 15
50 30
42 26
61 39
62 4
7 68
8 33
48 69
40 65
73 13
19 42
60 43
20 7
39 20
12 3
30 51
31 16
11 38
6 72
23 12
41 66
33 62
34 27
53 40
25 58
4 35
45 36
46 1
64 49
65 14
13 4
56 45
57 10
2 74
3 39
22 52
68 19
14 48
34 63
67 60
37 68
38 33
70 65
49 42
50 7
69 20
42 3
15 49
61 16
7 45
26 58
18 54
19 19
11 15
71 66
30 28
63 62
29 69
21 65
41 43
33 39
12 16
53 17
4 12
44 48
72 30
64 26
10 55
2 51
22 29
1 6
34 40
25 71
66 72
45 49
46 14
65 27
37 45
38 10
56 58
3 52
49 19
22 65
14 61
15 26
55 62
26 35
67 73
18 31
59 69
30 5
71 43
17 72
63 39
9 68
42 16
48 59
40 55
60 33
6 62
52 29
72 7
64 3
33 52
34 17
52 65
53 30
25 48
44 61
45 26
64 39
65 4
56 35
51 69
2 64
3 29
22 42
14 38
15 3
26 12
67 50
18 8
58 1
71 20
70 55
36 62
15 39
28 58
7 35
47 71
48 36
27 13
18 44
60 10
5 74
11 5
30 18
63 52
29 59
48 72
21 55
33 29
52 42
53 7
44 38
4 2
45 3
64 16
72 20
10 45
56 12
2 41
3 6
22 19
14 15
34 30
74 66
66 62
67 27
46 4
37 35
32 69
24 65
57 13
3 42
15 16
55 52
7 12
47 48
26 25
67 63
18 21
71 33
17 62
63 29
28 71
29 36
48 49
40 45
33 6
6 52
44 15
10 22
62 69
54 65
33 42
34 7
74 43
53 20
25 38
44 51
45 16
20 72
10 58
56 25
51 59
2 54
43 55
3 19
22 32
14 28
55 29
26 2
67 40
13 69
59 36
70 45
71 10
17 39
63 6
55 65
28 48
29 13
47 61
48 26
40 22
5 64
6 29
63 42
9 71
50 72
29 49
21 45
40 58
33 19
6 65
52 32
25 15
73 55
39 62
72 10
64 6
56 2
2 31
14 5
74 56
66 52
67 17
59 13
32 59
51 72
24 55
43 68
16 51
35 64
36 29
55 42
15 6
28 25
47 38
7 2
48 3
1 71
59 49
18 11
5 41
17 52
63 19
36 65
9 48
28 61
29 26
69 62
48 39
40 35
60 13
6 42
44 5
10 12
2 8
62 59
54 55
74 33
25 28
66 29
20 62
12 58
45 6
31 71
37 2
32 36
23 67
24 32
51 49
43 45
35 41
14 18
55 19
1 48
67 30
13 59
59 26
32 72
24 68
70 35
65 69
16 64
17 29
36 42
9 25
28 38
29 3
47 51
48 16
40 12
5 54
9 61
50 62
42 58
61 71
62 36
8 65
54 32
41 13
73 45
74 10
19 74
25 5
20 39
39 52
44 18
11 70
31 48
51 26
2 21
43 22
54 68
66 42
67 7
13 36
59 3
4 67
32 49
24 45
70 12
43 58
16 41
17 6
35 54
36 19
55 32
28 15
1 61
5 31
46 69
38 65
71 13
17 42
9 38
50 39
29 16
69 52
21 12
40 25
27 55
60 3
39 29
30 60
10 2
42 71
62 49
54 45
73 58
20 52
66 19
39 65
12 48
31 61
4 44
32 26
51 39
23 57
43 35
16 18
35 31
1 38
47 5
67 20
34 72
13 49
59 16
5 8
65 59
70 25
16 54
57 55
17 19
36 32
9 15
68 64
69 29
48 6
40 2
26 67
5 44
50 52
69 65
42 48
62 26
8 55
54 22
27 68
73 35
19 64
20 29
39 42
12 25
30 73
31 38
32 3
51 16
23 34
2 11
43 12
35 8
1 15
66 32
12 61
13 26
53 62
4 57
32 39
24 35
70 2
65 36
16 31
64 71
35 44
28 5
1 51
47 18
46 59
5 21
65 72
38 55
57 68
49 64
29 6
42 25
15 71
61 38
21 2
62 3
8 32
69 42
27 45
73 12
7 67
19 41
39 19
31 15
42 61
62 39
8 68
54 35
74 13
20 42
11 73
12 38
13 3
52 74
32 16
4 34
72 52
24 12
64 48
43 25
16 8
31 51
1 28
34 62
45 71
46 36
65 49
38 32
57 45
58 10
3 74
49 41
9 5
28 18
68 54
69 19
15 48
61 15
26 57
27 22
18 53
38 68
30 27
71 65
50 42
42 38
62 16
8 45
54 12
27 58
73 25
19 54
60 55
20 19
11 50
12 15
39 32
30 63
4 11
43 2
1 5
33 74
34 39
53 52
13 16
4 47
25 70
45 48
64 61
24 25
65 26
56 57
16 21
3 51
68 31
26 34
67 72
46 49
5 11
38 45
57 58
49 54
50 19
69 32
42 15
15 61
61 28
7 57
26 70
27 35
73 2
18 66
19 31
11 27
30 40
31 5
63 74
54 25
41 55
60 68
20 32
52 64
53 29
4 24
44 60
72 42
64 38
24 2
10 67
56 34
2 63
1 18
34 52
53 65
45 61
46 26
65 39
37 57
56 70
57 35
38 22
3 64
49 31
68 44
14 73
15 38
61 5
55 74
7 34
26 47
27 12
18 43
19 8
30 17
50 32
63 51
42 28
29 58
48 71
54 2
40 67
19 44
60 45
11 40
12 5
6 74
31 18
4 1
72 19
52 41
41 68
34 29
25 60
53 42
72 55
45 38
64 51
65 16
56 47
57 12
3 41
49 8
22 54
14 50
67 62
26 24
46 39
59 58
18 20
38 35
70 67
49 44
42 5
15 51
28 70
61 18
7 47
8 12
48 48
27 25
18 56
19 21
11 17
30 30
63 64
29 71
21 67
60 58
52 54
53 19
4 14
44 50
45 15
72 32
64 28
10 57
56 24
2 53
22 31
14 27
34 42
25 73
66 74
45 51
46 16
37 47
38 12
57 25
3 54
49 21
68 34
14 63
55 64
15 28
7 24
47 60
27 2
59 71
18 33
30 7
17 74
63 41
9 70
29 48
48 61
40 57
60 35
6 64
52 31
11 30
44 27
64 5
10 34
56 1
41 58
33 54
34 19
74 55
25 50
44 63
45 28
64 41
37 24
65 6
10 70
57 2
2 66
3 31
43 67
22 44
68 11
51 71
14 40
15 5
7 1
67 52
26 14
18 10
59 48
70 57
17 51
36 64
28 60
48 38
40 34
19 11
60 12
11 7
52 8
71 58
63 54
29 61
21 57
40 70
41 35
60 48
33 31
73 67
25 27
44 40
39 74
64 18
10 47
56 14
2 43
3 8
22 21
14 17
66 64
67 29
13 58
32 71
38 2
24 67
70 34
3 44
49 11
16 63
36 41
15 18
55 54
47 50
48 15
67 65
7 14
59 61
5 53
71 35
17 64
63 31
9 60
28 73
29 38
69 74
48 51
21 34
40 47
41 12
60 25
33 8
6 54
52 21
25 4
44 17
10 24
2 20
62 71
54 67
33 44
74 45
25 40
20 74
66 41
12 70
45 18
32 48
51 61
2 56
43 57
3 21
68 1
14 30
55 31
1 60
26 4
67 42
13 71
59 38
71 12
17 41
63 8
36 54
55 67
28 50
29 15
47 63
48 28
40 24
5 66
6 31
9 73
50 74
10 1
29 51
42 70
21 47
62 48
33 21
73 57
25 17
39 64
44 30
64 8
56 4
51 38
2 33
22 11
14 7
74 58
66 54
67 19
13 48
59 15
32 61
24 57
70 24
43 70
17 18
35 66
55 44
28 27
1 73
7 4
48 5
47 40
40 1
5 43
17 54
63 21
9 50
28 63
69 64
29 28
61 60
21 24
41 2
27 67
60 15
73 34
44 7
30 72
10 14
2 10
62 61
54 57
73 70
74 35
20 64
66 31
12 60
13 25
31 73
4 56
32 38
23 69
24 34
70 1
43 47
3 11
35 43
36 8
55 21
1 50
47 17
67 32
13 61
59 28
5 20
24 70
65 71
71 2
16 66
57 67
17 31
36 44
9 27
28 40
29 5
48 18
21 1
40 14
6 21
50 64
42 60
61 73
62 38
8 67
54 34
33 11
74 12
73 47
25 7
66 8
39 54
20 41
31 50
32 15
51 28
43 24
22 1
35 20
54 70
1 27
66 44
13 38
59 5
53 74
4 69
32 51
24 47
70 14
16 43
17 8
36 21
9 4
55 34
28 17
1 63
47 30
5 33
46 71
38 67
63 11
58 45
9 40
50 41
29 18
69 54
21 14
62 15
61 50
27 57
73 24
19 53
52 1
39 31
30 62
31 27
10 4
51 5
42 73
62 51
54 47
20 54
66 21
39 67
12 50
13 15
31 63
72 64
32 28
23 59
24 24
16 20
35 33
55 11
1 40
47 7
34 74
59 18
5 10
65 61
17 21
9 17
49 53
28 30
69 31
15 60
61 27
48 8
40 4
26 69
27 34
18 65
30 39
50 54
42 50
61 63
8 57
54 24
27 70
74 2
19 66
20 31
39 44
12 27
11 62
31 40
32 5
23 36
24 1
51 18
43 14
1 17
53 64
13 28
4 59
45 60
64 73
65 38
70 4
16 33
57 34
36 11
68 43
28 7
47 20
46 61
38 57
57 70
49 66
50 31
69 44
42 27
15 73
21 4
62 5
61 40
8 34
54 1
27 47
73 14
7 69
19 43
20 8
11 39
39 21
30 52
31 17
23 13
41 67
74 15
20 44
66 11
12 40
13 5
53 41
4 36
44 72
32 18
64 50
24 14
43 27
16 10
23 49
72 54
55 1
1 30
34 64
45 73
46 38
65 51
38 34
57 47
58 12
9 7
49 43
68 56
69 21
50 8
15 50
61 17
26 59
27 24
18 55
19 20
6 1
71 67
30 29
42 40
62 18
8 47
54 14
73 27
19 56
60 57
20 21
39 34
12 17
52 53
31 30
4 13
72 31
51 8
11 52
23 26
43 4
1 7
34 41
53 54
13 18
72 67
25 72
46 15
64 63
65 28
56 59
57 24
3 53
49 20
22 66
68 33
15 27
26 36
67 74
46 51
5 13
18 32
38 47
49 56
50 21
69 34
42 17
15 63
61 30
7 59
73 4
18 68
19 33
39 11
30 42
31 7
60 70
33 53
52 66
25 49
12 30
4 26
44 62
72 44
64 40
24 4
65 5
45 27
53 31
35 13
2 65
10 69
22 43
68 10
1 20
14 39
34 54
45 63
37 59
38 24
65 41
3 66
49 33
69 11
15 40
61 7
8 1
26 49
27 14
18 45
19 10
11 6
30 19
71 57
63 53
42 30
29 60
48 73
21 56
54 4
40 69
41 34
20 11
60 47
11 42
12 7
52 43
31 20
44 39
4 3
23 16
64 17
72 21
41 70
33 66
34 31
74 67
25 62
53 44
45 40
46 5
64 53
65 18
37 36
38 1
57 14
56 49
3 43
49 10
22 56
14 52
15 17
7 13
67 64
18 22
59 60
70 69
17 63
50 11
42 7
28 72
7 49
48 50
60 24
39 1
6 53
71 70
11 19
63 66
29 73
21 69
41 47
33 43
34 8
52 56
25 39
53 21
4 16
45 17
72 34
64 30
10 59
56 26
2 55
3 20
22 33
14 29
34 44
67 41
26 3
46 18
13 70
37 49
38 14
57 27
3 56
69 1
15 30
55 66
47 62
26 39
27 4
18 35
59 73
5 65
71 47
63 43
9 72
29 50
48 63
40 59
33 20
6 66
52 33
44 29
72 11
64 7
10 36
56 3
2 32
22 10
33 56
34 21
74 57
25 52
66 53
53 34
45 30
32 60
65 8
56 39
57 4
51 73
3 33
43 69
35 65
14 42
15 7
55 43
7 3
26 16
67 54
59 50
18 12
70 59
71 24
17 53
63 20
36 66
9 49
28 62
29 27
48 40
8 4
40 36
60 14
6 43
52 10
63 56
29 63
21 59
62 60
73 69
25 29
53 11
44 42
45 7
64 20
31 72
10 49
56 16
51 50
3 10
14 19
74 70
67 31
13 60
59 27
32 73
38 4
24 69
70 36
16 65
36 43
55 56
28 39
7 16
47 52
48 17
59 63
5 55
17 66
63 33
58 67
9 62
29 40
48 53
61 72
21 36
40 49
60 27
33 10
6 56
25 6
44 19
2 22
62 73
54 69
34 11
25 42
66 43
67 8
12 72
4 68
32 50
51 63
70 13
43 59
35 55
14 32
55 33
1 62
67 44
26 6
13 73
59 40
18 2
70 49
71 14
17 43
63 10
9 39
28 52
29 17
48 30
21 13
40 26
60 4
5 68
6 33
10 3
42 72
21 49
62 50
73 59
74 24
20 53
66 20
39 66
53 1
25 19
31 62
10 39
51 40
56 6
2 35
43 36
22 13
55 10
74 60
66 56
67 21
13 50
59 17
32 63
24 59
70 26
43 72
16 55
17 20
35 68
28 29
47 42
48 7
40 3
5 45
6 10
17 56
50 53
29 30
69 66
61 62
62 27
21 26
41 4
27 69
73 36
52 13
19 65
39 43
30 74
10 16
51 17
2 12
62 63
54 59
73 72
20 66
66 33
12 62
13 27
4 58
32 40
23 71
24 36
70 3
43 49
16 32
36 10
28 6
1 52
47 19
13 63
59 30
46 60
65 73
71 4
16 68
17 33
57 69
9 29
49 65
28 42
29 7
69 43
15 72
21 3
48 20
40 16
5 58
50 66
42 62
62 40
8 69
54 36
73 49
74 14
20 43
66 10
39 56
12 39
11 74
31 52
32 17
51 30
24 13
43 26
35 22
1 29
67 11
13 40
59 7
4 71
45 72
24 49
65 50
70 16
16 45
17 10
68 55
1 65
28 19
5 35
46 73
38 69
50 43
69 56
42 39
21 16
62 17
61 52
54 13
27 59
73 26
19 55
39 33
30 64
10 6
51 7
43 3
54 49
74 27
20 56
12 52
13 17
31 65
4 48
72 66
23 61
64 62
24 26
43 39
32 30
55 13
1 42
5 12
46 50
65 63
57 59
49 55
50 20
9 19
69 33
15 62
61 29
7 58
40 6
26 71
27 36
73 3
6 13
19 32
18 67
39 10
50 56
42 52
62 30
8 59
54 26
27 72
73 39
74 4
19 68
20 33
60 69
12 29
31 42
4 25
32 7
51 20
72 43
24 3
43 16
35 12
1 19
67 1
53 66
13 30
4 61
45 62
46 27
65 40
37 58
16 35
57 36
56 71
36 13
49 32
3 65
68 45
69 10
14 74
26 48
46 63
38 59
57 72
49 68
50 33
42 29
61 42
62 7
7 71
8 36
54 3
27 49
73 16
19 45
20 10
30 54
31 19
23 15
41 69
33 65
66 13
12 42
13 7
53 43
4 38
32 20
45 39
64 52
65 17
24 16
16 12
56 48
35 25
22 55
55 3
34 66
46 40
5 2
65 53
38 36
57 49
58 14
49 45
50 10
42 6
15 52
61 19
7 48
8 13
26 61
27 26
18 57
19 22
11 18
71 69
63 65
62 20
29 72
8 49
54 16
60 59
11 54
52 55
12 19
31 32
4 15
72 33
51 10
64 29
43 6
35 2
34 43
53 56
25 74
45 52
46 17
64 65
65 30
38 13
56 61
57 26
3 55
49 22
68 35
14 64
15 29
7 25
26 38
27 3
59 72
18 34
38 49
58 27
42 19
61 32
7 61
8 26
48 62
27 39
73 6
19 35
60 36
11 31
39 13
30 44
41 59
33 55
34 20
25 51
53 33
44 64
45 29
4 28
64 42
65 7
10 71
56 38
16 2
57 3
37 25
3 32
24 6
2 67
34 56
26 15
67 53
46 30
38 26
57 39
70 58
3 68
49 35
69 13
15 42
7 38
8 3
26 51
27 16
18 47
19 12
30 21
71 59
63 55
29 62
21 58
40 71
41 36
20 13
33 32
52 45
53 10
4 5
23 18
64 19
10 48
33 68
34 33
74 69
25 64
66 65
45 42
46 7
65 20
37 38
56 51
57 16
38 3
3 45
49 12
22 58
68 25
14 54
15 19
7 15
67 66
26 28
18 24
59 62
70 71
71 36
17 65
63 32
28 74
29 39
8 16
48 52
40 48
19 25
6 55
52 22
21 71
62 72
41 49
33 45
34 10
52 58
25 41
44 54
72 36
45 19
64 32
37 15
51 62
56 28
2 57
3 22
22 35
68 2
14 31
26 5
67 43
46 20
59 39
18 1
38 16
13 72
70 48
49 25
36 55
15 32
28 51
47 64
48 29
7 28
19 2
5 67
30 11
63 45
9 74
29 52
48 65
21 48
40 61
41 26
60 39
33 22
25 18
44 31
72 13
10 38
56 5
2 34
22 12
74 59
25 54
66 55
45 32
32 62
24 58
57 6
3 35
49 2
43 71
35 67
14 44
55 45
1 74
7 5
67 56
26 18
59 52
18 14
70 61
71 26
17 55
63 22
9 51
28 64
48 42
21 25
40 38
41 3
60 16
6 45
52 12
44 8
10 15
21 61
41 39
54 58
33 35
74 36
73 71
25 31
20 65
53 13
10 51
51 52
56 18
2 47
3 12
43 48
22 25
23 70
14 21
74 72
67 33
13 62
59 29
24 71
70 38
71 3
16 67
17 32
36 45
28 41
47 54
48 19
40 15
5 57
71 39
17 68
63 35
9 64
50 65
29 42
21 38
40 51
41 16
33 12
73 48
52 25
6 58
25 8
39 55
44 21
72 3
10 28
2 24
22 2
54 71
74 49
66 45
67 10
13 39
59 6
4 70
32 52
51 65
24 48
70 15
3 25
16 44
43 61
35 57
55 35
1 64
47 31
59 42
18 4
5 34
46 72
17 45
63 12
36 58
9 41
28 54
29 19
69 55
48 32
21 15
40 28
5 70
52 2
10 5
42 74
2 1
62 52
54 48
73 61
20 55
66 22
39 68
12 51
25 21
31 64
32 29
51 42
23 60
43 38
3 2
55 12
1 41
66 58
13 52
59 19
32 65
24 61
65 62
70 28
16 57
17 22
35 70
36 35
28 31
68 67
47 44
40 5
5 47
6 12
58 59
9 54
50 55
42 51
61 64
62 29
21 28
27 71
33 2
74 3
19 67
73 38
39 45
44 11
31 41
10 18
51 19
2 14
43 15
62 65
54 61
74 39
66 35
12 64
13 29
4 60
32 42
51 55
24 38
70 5
43 51
16 34
64 74
35 47
36 12
23 73
55 25
28 8
1 54
47 21
46 62
5 24
38 58
17 35
63 2
57 71
9 31
49 67
69 45
15 74
21 5
61 41
7 70
40 18
27 48
73 15
6 25
30 53
42 64
62 42
8 71
54 38
73 51
74 16
20 45
66 12
39 58
12 41
13 6
31 54
32 19
24 15
43 28
16 11
55 2
1 31
34 65
67 13
13 42
4 73
45 74
5 1
24 51
65 52
37 70
16 47
17 12
57 48
36 25
9 8
70 18
28 21
68 57
26 60
6 2
38 71
50 45
69 58
42 41
61 54
62 19
8 48
54 15
27 61
73 28
70 6
19 57
20 22
39 35
12 18
30 66
23 27
2 4
43 5
1 8
20 58
66 25
12 54
13 19
4 50
23 63
24 28
65 29
56 60
16 24
36 2
55 15
22 67
1 44
47 11
5 14
46 52
38 48
57 61
49 57
42 18
15 64
61 31
7 60
26 73
27 38
73 5
18 69
19 34
39 12
30 43
31 8
42 54
62 32
8 61
54 28
74 6
19 70
20 35
66 2
60 71
12 31
52 67
31 44
4 27
72 45
23 40
24 5
11 66
43 18
1 21
34 55
45 64
46 29
65 42
38 25
56 73
57 38
17 2
3 67
49 34
28 11
68 47
69 12
15 41
61 8
26 50
27 15
38 61
30 20
49 70
50 35
42 31
61 44
7 73
8 38
54 5
48 74
73 18
27 51
19 47
20 12
39 25
11 43
12 8
31 21
4 4
41 71
33 67
34 32
25 63
53 45
4 40
64 54
24 18
65 19
56 50
57 15
47 1
14 53
34 68
26 27
5 4
46 42
57 51
49 47
50 12
69 25
42 8
15 54
61 21
7 50
8 15
26 63
27 28
18 59
19 24
39 2
11 20
30 33
63 67
54 18
21 70
41 48
60 61
20 25
12 21
52 57
4 17
72 35
44 53
64 31
23 30
10 60
56 27
43 8
35 4
22 34
34 45
53 58
45 54
46 19
65 32
38 15
56 63
57 28
3 57
49 24
22 70
69 2
14 66
15 31
7 27
26 40
27 5
18 36
19 1
59 74
30 10
71 48
50 25
63 44
42 21
48 64
73 8
40 60
60 38
20 2
11 33
39 15
52 34
31 11
72 12
6 67
23 7
41 61
33 57
52 70
25 53
44 66
45 31
64 44
10 73
16 4
57 5
56 40
3 34
49 1
22 47
2 69
14 43
15 8
26 17
67 55
46 32
59 51
18 13
38 28
70 60
50 2
36 67
69 15
15 44
61 11
7 40
8 5
48 41
27 18
18 49
19 14
11 10
71 61
63 57
29 64
21 60
40 73
41 38
60 51
33 34
52 47
12 11
25 30
4 7
44 43
45 8
64 21
53 12
10 50
56 17
1 1
34 35
74 71
25 66
66 67
32 74
38 5
57 18
3 47
49 14
68 27
14 56
15 21
55 57
7 17
47 53
26 30
59 64
18 26
70 73
71 38
17 67
63 34
42 11
9 63
29 41
8 18
48 54
40 50
41 15
6 57
52 24
44 20
72 2
10 27
21 73
62 74
33 47
34 12
74 48
25 43
53 25
45 21
64 34
10 63
51 64
56 30
2 59
3 24
68 4
14 33
26 7
67 45
13 74
59 41
18 3
38 18
70 50
71 15
17 44
36 57
55 70
28 53
47 66
7 30
48 31
27 8
40 27
19 4
60 5
5 69
30 13
71 51
63 47
29 54
21 50
40 63
33 24
6 70
73 60
25 20
53 2
44 33
72 15
64 11
10 40
56 7
2 36
3 1
22 14
14 10
34 25
74 61
66 57
13 51
32 64
24 60
70 27
43 73
16 56
49 4
35 69
36 34
15 11
55 47
47 43
67 58
26 20
59 54
18 16
70 63
17 57
28 66
69 67
29 31
48 44
21 27
33 1
52 14
44 10
10 17
2 13
62 64
54 60
34 2
74 38
25 33
20 67
66 34
12 63
45 11
37 7
32 41
56 20
51 54
2 49
3 14
43 50
22 27
1 53
66 70
67 35
13 64
59 31
24 73
70 40
71 5
65 74
17 34
16 69
36 47
63 1
55 60
28 43
29 8
48 21
40 17
5 59
6 24
58 71
9 66
29 44
42 63
21 40
62 41
8 70
41 18
33 14
73 50
52 27
25 10
39 57
64 1
31 53
10 30
51 31
2 26
22 4
54 73
66 47
67 12
13 41
59 8
4 72
32 54
51 67
24 50
70 17
43 63
35 59
36 24
28 20
1 66
47 33
59 44
5 36
38 70
71 18
17 47
58 48
9 43
28 56
29 21
69 57
48 34
21 17
61 53
40 30
60 8
52 4
30 65
10 7
2 3
62 54
54 50
73 63
74 28
20 57
66 24
39 70
12 53
31 66
4 49
32 31
51 44
24 27
23 62
3 4
43 40
35 36
1 43
47 10
67 25
13 54
59 21
24 63
70 30
65 64
16 59
57 60
17 24
9 20
28 33
48 11
40 7
26 72
5 49
6 14
50 57
69 70
42 53
21 30
62 31
61 66
54 27
27 73
33 4
73 40
19 69
74 5
66 1
39 47
11 65
20 34
31 43
32 8
51 21
43 17
54 63
20 70
67 2
12 66
13 31
53 67
4 62
32 44
24 40
70 7
43 53
16 36
17 1
35 49
55 27
28 10
1 56
46 64
5 26
38 60
57 73
63 4
58 38
9 33
49 69
50 34
29 11
21 7
61 43
62 8
7 72
27 50
73 17
39 24
30 55
50 70
42 66
62 44
54 40
74 18
20 47
66 14
39 60
12 43
13 8
31 56
4 39
72 57
51 34
24 17
23 52
43 30
16 13
35 26
55 4
1 33
34 67
13 44
59 11
5 3
65 54
16 49
17 14
57 50
58 15
68 59
69 24
15 53
61 20
48 1
26 62
5 39
18 58
6 4
38 73
58 51
50 47
69 60
42 43
61 56
62 21
8 50
54 17
27 63
73 30
19 59
20 24
11 55
12 20
31 33
23 29
43 7
35 3
1 10
12 56
13 21
53 57
4 52
72 70
64 66
65 31
24 30
56 62
16 26
36 4
68 36
47 13
14 65
5 16
46 54
65 67
38 50
57 63
58 28
49 59
50 24
42 20
15 66
61 33
7 62
8 27
27 40
73 7
18 71
19 36
39 14
30 45
31 10
42 56
8 63
54 30
74 8
60 73
66 4
12 33
52 69
4 29
44 65
23 42
64 43
24 7
43 20
32 11
16 3
35 16
10 72
34 57
53 70
45 66
46 31
65 44
38 27
17 4
57 40
3 69
49 36
50 1
69 14
15 43
7 39
26 52
27 17
18 48
19 13
38 63
42 33
62 11
8 40
54 7
27 53
73 20
40 72
19 49
60 50
20 14
39 27
12 10
30 58
23 19
51 1
41 73
33 69
25 65
53 47
13 11
45 43
46 8
64 56
65 21
56 52
57 17
49 13
22 59
14 55
15 20
34 70
26 29
46 44
18 25
38 40
58 18
70 72
50 14
69 27
42 10
15 56
7 52
8 17
26 65
27 30
18 61
19 26
39 4
30 35
71 73
63 69
21 72
41 50
60 63
52 59
53 24
44 55
45 20
4 19
64 33
10 62
56 29
2 58
22 36
1 13
34 47
45 56
46 21
37 52
38 17
56 65
57 30
65 34
3 59
49 26
22 72
69 4
15 33
55 69
7 29
26 42
27 7
18 38
19 3
71 50
29 53
48 66
40 62
41 27
60 40
20 4
6 69
52 36
31 13
44 32
64 10
41 63
33 59
34 24
52 72
25 55
44 68
45 33
37 29
65 11
56 42
57 7
2 71
3 36
22 49
68 16
14 45
15 10
7 6
67 57
26 19
59 53
18 15
38 30
70 62
71 27
50 4
28 65
61 13
7 42
8 7
48 43
27 20
40 39
19 16
60 17
30 25
71 63
63 59
29 66
21 62
41 40
33 36
34 1
52 49
25 32
53 14
44 45
45 10
72 27
10 52
56 19
2 48
3 13
22 26
14 22
74 73
66 69
67 34
46 11
38 7
57 20
24 72
3 49
49 16
70 39
55 59
47 55
7 19
26 32
67 70
59 66
18 28
71 40
17 69
63 36
29 43
48 56
21 39
40 52
60 30
33 13
6 59
52 26
72 4
10 29
2 25
22 3
54 72
33 49
34 14
74 50
53 27
25 45
65 1
32 53
51 66
2 61
3 26
43 62
55 36
67 47
59 43
18 5
70 52
71 17
63 13
36 59
9 42
55 72
28 55
29 20
47 68
48 33
40 29
19 6
60 7
5 71
11 2
52 3
6 36
63 49
21 52
62 53
33 26
73 62
52 39
53 4
25 22
44 35
72 17
39 69
64 13
10 42
2 38
22 16
14 12
74 63
66 59
67 24
13 53
59 20
32 66
24 62
70 29
16 58
35 71
15 13
55 49
28 32
47 45
48 10
59 56
5 48
71 30
17 59
63 26
9 55
29 33
61 65
21 29
40 42
33 3
6 49
52 16
44 12
10 19
2 15
62 66
54 62
34 4
74 40
25 35
20 69
66 36
12 65
45 13
32 43
51 56
24 39
43 52
3 16
35 48
14 25
55 26
1 55
47 22
13 66
59 33
70 42
71 7
16 71
17 36
63 3
36 49
9 32
28 45
29 10
47 58
21 6
40 19
5 61
6 26
58 73
50 69
42 65
21 42
62 43
8 72
54 39
41 20
33 16
74 17
73 52
25 12
39 59
44 25
31 55
10 32
51 33
23 51
2 28
43 29
22 6
14 2
74 53
66 49
67 14
13 43
59 10
4 74
24 52
70 19
43 65
17 13
35 61
36 26
55 39
1 68
47 35
5 38
6 3
38 72
17 49
63 16
58 50
9 45
69 59
61 55
21 19
40 32
27 62
73 29
6 39
19 58
52 6
39 36
44 2
30 67
2 5
62 56
54 52
73 65
74 30
20 59
66 26
39 72
12 55
13 20
31 68
4 51
72 69
23 64
24 29
32 33
43 42
16 25
35 38
55 16
1 45
47 12
13 56
5 15
46 53
65 66
70 32
16 61
57 62
17 26
36 39
49 58
28 35
69 36
15 65
48 13
26 74
5 51
18 70
50 59
69 72
42 55
61 68
62 33
8 62
54 29
73 42
74 7
19 71
25 2
20 36
39 49
12 32
66 3
31 45
32 10
2 18
43 19
1 22
66 39
67 4
12 68
13 33
53 69
4 64
45 65
24 42
65 43
16 38
17 3
56 74
36 16
28 12
1 58
47 25
46 66
5 28
38 62
9 35
69 49
42 32
61 45
62 10
7 74
8 39
27 52
73 19
19 48
39 26
11 44
30 57
31 22
54 42
41 72
74 20
20 49
66 16
12 45
13 10
31 58
4 41
72 59
51 36
64 55
24 19
43 32
16 15
1 35
47 2
34 69
46 43
65 56
38 39
17 16
57 52
58 17
49 48
9 12
68 61
50 13
69 26
15 55
61 22
7 51
26 64
18 60
6 6
39 3
58 53
71 72
50 49
42 45
61 58
8 52
54 19
27 65
73 32
19 61
60 62
20 26
11 57
12 22
30 70
31 35
4 18
51 13
35 5
1 12
53 59
4 54
45 55
64 68
65 33
56 64
57 29
3 58
22 71
28 2
68 38
14 67
69 3
26 41
46 56
5 18
38 52
57 65
58 30
49 61
50 26
69 39
42 22
15 68
61 35
7 64
8 29
27 42
18 73
19 38
20 3
39 16
30 47
31 12
41 62
33 58
66 6
12 35
52 71
53 36
4 31
44 67
32 13
64 45
65 10
23 44
16 5
72 49
2 70
10 74
22 48
1 25
34 59
45 68
46 33
38 29
57 42
58 7
3 71
49 38
50 3
9 2
69 16
15 45
61 12
7 41
26 54
27 19
18 50
19 15
30 24
63 58
42 35
29 65
62 13
8 42
40 74
19 51
20 16
60 52
11 47
52 48
31 25
4 8
72 26
51 3
1 2
33 71
34 36
25 67
53 49
72 62
64 58
56 54
57 19
3 48
49 15
22 61
14 57
15 22
7 18
67 69
26 31
59 65
18 27
38 42
70 74
30 1
50 16
42 12
15 58
61 25
7 54
48 55
8 19
27 32
18 63
19 28
60 29
31 2
63 71
21 74
41 52
60 65
33 48
34 13
25 44
53 26
44 57
4 21
72 39
64 35
37 18
10 64
56 31
2 60
22 38
14 34
34 49
26 8
45 58
37 54
38 19
57 32
3 61
69 6
14 70
15 35
61 2
55 71
47 67
7 31
26 44
18 40
19 5
11 1
30 14
71 52
63 48
29 55
48 68
21 51
40 64
41 29
60 42
33 25
6 71
12 2
52 38
53 3
44 34
72 16
20 6
64 12
10 41
22 15
41 65
33 61
34 26
74 62
25 57
53 39
44 70
45 35
37 31
65 13
56 44
2 73
3 38
49 5
43 74
68 18
14 47
15 12
7 8
